0 0 0 0 0 0 0 8
0 0 8 0 0 0 0 11
0 8 0 7 0 4 0 0
0 0 7 0 9 14 0 0
0 0 0 9 0 10 0 0
0 0 4 14 10 0 2 0
0 0 0 0 0 2 0 1
8 11 0 0 0 0 1 0

Number of vertices = 8
Number of edges = 10
Symmetric = True


Dfs Traversal: [0, 7, 1, 2, 3, 4, 5, 6]
Runtime: 0.0209808349609375

Bfs Traversal: [0, 7, 1, 6, 2, 5, 3, 4]
Runtime: 0.02002716064453125

Prims MST: [(0, 7), (7, 6), (6, 5), (5, 2), (2, 3), (2, 1), (3, 4)]
Runtime: 0.05125999450683594

Kruskal MST: [(6, 7), (5, 6), (2, 5), (2, 3), (0, 7), (1, 2), (3, 4)]
Runtime: 0.05602836608886719

Dijkstras SSSP: 
-1 7 5 2 5 6 7 0
7 -1 1 2 5 2 7 1
7 2 -1 2 5 2 5 6
7 2 3 -1 3 2 5 6
7 2 5 4 -1 4 5 6
7 2 5 2 5 -1 5 6
7 7 5 2 5 6 -1 6
7 7 5 2 5 6 7 -1

Runtime: 0.5388259887695312

Floyds APSP algorithm
-1 7 5 2 5 6 7 0
7 -1 1 2 5 2 7 1
7 2 -1 2 5 2 5 6
7 2 3 -1 3 2 5 6
7 2 5 4 -1 4 5 6
7 2 5 2 5 -1 5 6
7 7 5 2 5 6 -1 6
7 7 5 2 5 6 7 -1

Runtime: 0.3349781036376953

Floyds dist
0 19 15 22 21 11 9 8
19 0 8 15 22 12 12 11
15 8 0 7 14 4 6 7
22 15 7 0 9 11 13 14
21 22 14 9 0 10 12 13
11 12 4 11 10 0 2 3
9 12 6 13 12 2 0 1
8 11 7 14 13 3 1 0

Runtime: 0.9791851043701172
