0 4 0 0 0 0 0 8 0
4 0 8 0 0 0 0 11 0
0 8 0 7 0 4 0 0 2
0 0 7 0 9 14 0 0 0
0 0 0 9 0 10 0 0 0
0 0 4 14 10 0 2 0 0
0 0 0 0 0 2 0 1 6
8 11 0 0 0 0 1 0 7
0 0 2 0 0 0 6 7 0

Number of vertices = 9
Number of edges = 14
Symmetric = True


Dfs Traversal: [0, 1, 2, 3, 4, 5, 6, 7, 8]
Runtime: 0.41294097900390625

Bfs Traversal: [0, 1, 7, 2, 6, 8, 3, 5, 4]
Runtime: 0.025987625122070312

Prims MST: [(0, 1), (0, 7), (7, 6), (6, 5), (5, 2), (2, 8), (2, 3), (3, 4)]
Runtime: 0.0629425048828125

Kruskal MST: [(6, 7), (2, 8), (5, 6), (0, 1), (2, 5), (2, 3), (0, 7), (3, 4)]
Runtime: 0.08225440979003906

Dijkstras SSSP: 
-1 0 1 2 5 6 7 0 2
1 -1 1 2 5 2 7 1 2
1 2 -1 2 5 2 5 6 2
1 2 3 -1 3 2 5 6 2
7 2 5 4 -1 4 5 6 2
7 2 5 2 5 -1 5 6 2
7 7 5 2 5 6 -1 6 6
7 7 5 2 5 6 7 -1 7
1 2 8 2 5 2 8 8 -1

Runtime: 0.7390975952148438

Floyds APSP algorithm
-1 0 1 2 5 6 7 0 2
1 -1 1 2 5 2 7 1 2
1 2 -1 2 5 2 5 6 2
1 2 3 -1 3 2 5 6 2
7 2 5 4 -1 4 5 6 2
7 2 5 2 5 -1 5 6 2
7 7 5 2 5 6 -1 6 6
7 7 5 2 5 6 7 -1 7
1 2 8 2 5 2 8 8 -1

Runtime: 0.3490447998046875

Floyds dist
0 4 12 19 21 11 9 8 14
4 0 8 15 22 12 12 11 10
12 8 0 7 14 4 6 7 2
19 15 7 0 9 11 13 14 9
21 22 14 9 0 10 12 13 16
11 12 4 11 10 0 2 3 6
9 12 6 13 12 2 0 1 6
8 11 7 14 13 3 1 0 7
14 10 2 9 16 6 6 7 0

Runtime: 0.3299713134765625
